{
  "p": 0.04,
  "sigma_j": 0.03,
  "alpha": 0.07,
  "beta": 0.9,
  "over_est_ratio": 0.987,
  "level_inflation": 1.211,
  "rmse_cont": 0.00055,
  "rmse_raw": 0.00161,
  "recall": 0.403,
  "precision": 0.658,
  "n_detect": 73,
  "n_true": 119,
  "jump_var_share": 0.2073,
  "om_h": 8.19e-06,
  "a_h": 0.0792,
  "b_h": 0.8709,
  "mean_h": 0.000138
}